#'chr'	'start'	'end'	'1point5min_Rep1_rpkm'	'1point5min_Rep2_rpkm'	'2point5min_Rep1_rpkm'	'2point5min_Rep2_rpkm'	'5min_Rep1_rpkm'	'5min_Rep2_rpkm'	'Background_Rep1_rpkm'	'Total_Rep2_rpkm'	'WH3_4tU_Rep1'	'WH3_4tU_Rep2'	'WT_Rep1_Total'	'WT_Rep2_Total'
I	87388	87500	625.1936931610107	1812.372058686756	1358.6364433651881	1027.6571692739215	464.6058345181601	862.5928373790923	8.417277038097382	177.41602669443404	57.89390999930246	31.825102942330496	0.5859844812325069	0.5408557781151363
I	139188	139218	6876.300667317709	8320.449641927084	7949.5203125	19674.610286458334	8403.519921875	9651.328483072917	301.67498779296875	2703.47998046875	123.38223266601562	22.83126098314921	0.0	0.0
I	142254	142619	26523.153322988015	24897.094873715752	27830.423244863014	24130.7534182363	20874.360546875	9787.370366010275	2275.380517395704	5922.81996869649	1512.2840024347174	642.2780186483304	6.331330176575543	5.268351706413373
I	151007	151096	374.8440568902519	1401.306761323736	573.8834828580364	619.8712485667025	572.2116565061419	67.29871942755881	24.574665905384535	97.58353076891953	42.395694861251314	21.08625321977594	0.07071943681561545	0.22672853074716717
I	181179	181210	11899.309601814517	9670.631142893146	15360.525926159275	32135.72568044355	19785.148122479837	16032.467804939517	981.2538885301159	3812.1286542338707	283.8620349514869	38.61418957864085	0.04698679968714714	0.08747455549816932
II	4117	4215	0.0	0.0	0.0	0.0	0.0	0.0	0.0	0.0	0.0	0.0	0.0	0.0
II	36435	36452	7709.502470128677	5321.267061121323	7506.623592601103	18378.517693014706	9281.957261029413	10522.24103860294	1182.299467198989	1622.0899658203125	157.13800048828125	73.61470031738281	0.0	0.0
II	47059	47146	1475.2705723554238	3949.806887571839	3172.4626324533046	2686.7002177622126	2176.766319537985	1593.130720467403	0.8668827846132475	1023.9047072838092	53.483048537681846	23.195446584416533	0.6326508741269167	0.6134309522036848
II	60194	60697	2189.474067703156	5473.979920930147	2500.613344995133	2485.1281459679426	705.3552318899106	1732.074322942553	120.7192017131056	1149.3134581184765	540.1456179912711	207.82947760216047	0.8197590735987214	0.6319185341328797
II	110421	110505	634.5770191010974	1351.1793249221075	460.49543834867933	395.61676779247466	226.03150031680153	124.8795001620338	0.0	106.61049679347447	68.13722737630208	31.172903696695965	0.2537603293146406	0.19317373775300525
II	110880	110948	431.83985227697036	2421.1762874827664	484.6903040268842	1051.535264856675	198.3212803111357	504.686798544491	0.0	0.0	152.19919406666475	42.74970250971177	0.22344634835334384	0.2808298174949253
II	125155	125270	1287.2631814707881	2892.9878750566127	2154.280713598279	793.0511596679687	815.477075726053	924.0924557008606	11.586076869135317	137.8187713623047	126.6176901112432	86.92346403702446	0.3837021537449049	0.41116312794063403
II	142750	142846	2744.196117401123	6288.332736545138	3956.3619113498266	2385.230509440104	1486.1051139831543	1426.1943664550781	10.474833647410074	329.8389296531677	135.02887598673502	39.37455622355143	0.6733703389763832	0.5677248177429041
II	168425	168808	3444.3077701737925	5901.995490304068	2418.7105805319848	3084.0881833387725	1166.6623371014707	956.5842529509356	87.32595754931722	551.7091947311521	608.5945423415062	317.95283823038204	1.060452893259631	1.2264547761986835
II	170677	170804	960.9703056755967	1744.9650603366963	1205.1559206344323	564.4973704420676	330.4395220899207	1073.7447685982613	0.0	3.7252676055187317	129.12559881735973	74.5747395913432	0.7188724983395554	0.4376968736723652
II	186353	186427	1531.3193111935177	1200.4490076013512	705.5126746925148	281.3046629622176	88.72270202636719	276.07221675563505	1.358897338042388	39.27352585663667	137.5674570444468	36.826266108332455	0.49250801833900243	0.25231058311623494
II	332876	333386	1501.8637455958947	3027.452195669935	1636.053092767055	2140.4923177083333	669.6117273667279	1552.142231541054	281.9679090190486	1464.1996536554075	752.9295093012792	356.0714050292969	3.0744002734913547	2.2686137928682215
II	366503	366584	263.86565201370803	356.63425012282386	267.86649727527004	296.177646872438	239.87984212239584	161.08140790020977	0.7759136035118575	51.73325771755643	116.84279510121287	34.49948327335311	0.4623902907342087	0.19621906001810674
II	393181	393510	26604.393453766148	49613.02601792046	32735.896486353853	42637.815919452885	29193.263651097073	17271.650079945543	1288.692780375843	8259.917747613506	899.4037529385923	350.2052958294251	4.643970280795112	4.070369711762866
II	407028	407122	2229.6652247652096	2765.171589303524	3575.2879664644283	1695.155374729887	1566.332887040808	954.4075960199883	103.36669974631451	443.62972665340345	357.10650829558676	115.691162109375	1.142374505387976	0.8919092683081932
II	414754	415259	4092.7520602084624	6663.233254692656	3725.345449798886	4112.254175433169	1539.940258547339	1533.119191870359	162.7023940943899	991.5365509939666	658.7369027015006	345.8692075823793	0.8984986859973114	0.6314196042495199
II	426517	426873	7000.191736799948	21693.719057233146	10883.715467360136	13042.64303019663	9279.856979541564	7706.453907713016	241.0836939124944	1144.1623905481918	219.89523726902652	106.16348532344519	1.0295581442586492	1.0549949849589486
II	462210	462289	991.6929869832871	792.3971287208267	1401.9064508751978	503.36919856976857	949.5572285712519	398.7593963236748	6.841790078561517	175.38409906701196	92.28877934323081	54.691957497898535	0.23068699353857886	0.15461939346941211
II	462430	462499	65.88274781600289	129.35538062496462	57.65696627851845	32.46881766941237	0.0	24.868597500566125	0.0	2.9385651298191235	69.1333029926687	35.72743313554405	0.2404669670091159	0.273873141710309
II	479346	479434	1263.9560997702858	1117.7486815019088	1594.8096403642135	898.4710676019841	532.3362527327104	223.68972969055176	27.567857438867744	208.52126151865178	87.72041164744984	60.91103024916215	0.09747758880257607	0.06108380574733019
II	592417	592768	1796.4152475558114	2624.7407806193614	1684.8180644586894	2447.21543914708	1251.6238307681178	1126.5181929976852	29.257916344536675	689.7961502292557	831.3024512831641	460.58977193370504	0.7379043030942607	0.5054948754460044
II	602104	602216	161.69935519354684	388.1298279989333	173.448513848441	177.52748816353935	14.655072791235787	24.559158552260623	14.028795063495636	7.844941718237741	190.95644542149134	69.58176565170288	0.10614631291744965	0.15325775423220225
II	604515	604927	10082.20859446109	15601.379479861955	8712.553865796925	7658.090215412621	3521.86181640625	5453.078009645529	250.7904992772748	2131.2019825166867	1044.9354496928095	624.4394080893508	2.8308039776329856	2.681788254710077
II	606281	606668	2558.662920969093	4353.420741985627	2182.4166527878715	2807.7162395782866	1083.9336114139212	1974.476232352902	50.54459850480642	795.3280265867248	796.2667930267886	279.87412216620237	2.3763067592946134	2.1612981280615164
II	653369	653452	243.37302187264683	350.9470130276967	362.8061036259295	242.92945135645118	138.42879389567548	30.425799542162792	0.0	0.0	38.50383809101151	22.011640158044287	0.059848010270710454	0.2024585410773036
II	662582	663002	284.0407341820853	538.856324404762	549.4953938802083	652.0263227807908	435.9790536971319	371.80679001581103	20.874876260138176	364.53218151274183	73.13319509483519	41.64289723237356	0.762169082010431	0.5437629250543458
II	679943	680039	657.9809986750284	5157.133517795139	3453.412489149305	1936.9665253957112	1365.958781560262	1848.2787831624348	45.30365350842476	449.87643162409466	102.98528416951497	55.29646968841553	0.8749303494890531	1.2212189994752407
II	726918	727011	830.1848781134493	2466.7786943989418	1190.8660980552756	1357.0570698399697	341.5345052083333	263.5350064513504	4.595410890476678	415.33326245379703	141.06697098926833	67.01443686536564	0.32005813621705576	0.3194907506306966
III	90897	90928	98778.90020161291	95109.12613407258	89151.0902217742	134089.59375	96241.20010080645	69241.07081653226	4659.751260080645	20856.048481602822	294.70364478326616	94.47030172040385	0.16975874189407594	0.018036000190242645
III	101634	101700	714.8811899820963	1353.2686638109612	795.2022575609611	852.8613706646544	406.6457191236091	345.83608823834044	60.75412264737216	114.69309107462566	44.82332403009588	14.460477193196615	0.23700280035987045	0.25810146015701874
III	107034	107110	1407.5723411158513	2186.9466954281456	2077.7524100855776	3000.6402877004525	1312.7473521985505	1328.2729235197369	22.658719100450213	207.20786295439066	220.83156906931023	77.38387579666941	0.4471859680978875	0.3398030570855266
III	107192	107287	894.1321186266447	1775.585478772615	1573.2919915450248	1535.816342002467	478.6356345728824	364.316900313528	9.261958172446803	115.60947542692486	153.50941097861843	75.52879654733758	1.1464932090357731	1.1097625632035104
III	111558	111633	2353.608933919271	6101.5286263020835	3294.4653287760416	3562.15279296875	2706.0427864583335	1213.0256412760416	97.8768682607015	864.2124576822916	103.26538248697916	48.27097905476888	1.1958622964223227	0.8457561175028483
III	173116	173198	942.4459965403487	447.15918117616235	300.4273283423447	145.71370687717345	489.05680958817646	44.615876267595986	0.6131609939947361	63.87797979029214	108.86232329577935	50.81381206977658	1.058868425648387	1.0173609271282102
III	177907	178213	6040.065156824448	7859.499530867034	5835.793658088235	5123.086016646242	2620.939028671364	1247.5703843060662	51.63474419226054	1042.486253127553	772.8935139973959	315.37972962622547	3.0264265919043347	1.7747008597928715
III	227979	227997	13356.661078559027	15371.76123046875	14566.827853732639	31437.482747395832	15706.388943142361	15425.427842881945	430.1671600341797	3970.739990234375	1296.6316731770833	359.89388699001734	0.02349339984357357	0.029508900311258104
III	293940	293993	511.8645595334611	545.0446001448721	476.36035041089326	299.4174889618496	465.37555104381636	114.23302546087301	0.0	36.343989462222694	73.29805330960255	59.06086140758586	0.13608418826786978	0.048527049568464174
III	294240	294291	204.14893490660424	316.9106253829657	105.60874340580959	360.5785217285156	253.99047193340226	221.554412243413	0.0	67.58699798583984	73.34812613094554	23.847914396547804	0.2501356271552105	0.14635682442024642
IV	65307	65377	1818.3622785295759	2841.35400390625	1962.933851841518	1226.8581028529577	991.7923086983817	462.51637398856025	24.062189292907714	57.93171255929129	60.32969621930803	15.443087441580635	0.19203740528651647	0.19671405851840973
IV	117667	118157	3803.6486926020407	9259.114000551392	4168.114637559125	4458.3346771364795	1384.6793118223852	2896.0574834084023	307.8214552275988	693.8555253009407	875.7139987244898	392.76289747588487	0.7685127564838954	0.729039461758672
IV	217603	218007	1246.8897393859259	3675.649976472256	2005.687764284241	1516.674027788521	767.0039195447865	1995.2066187087457	121.91639106537606	408.7426955345834	647.6726195080446	280.2551359422136	0.9045450286109848	0.8006941419426757
IV	230020	230320	11305.73724609375	26223.90334201389	8797.271666666667	14209.496229166667	5499.359827473958	4573.9748828125	176.68965784072876	5997.106640625	378.1070832316081	176.62940022786458	3.828056719303131	3.6501164563496906
IV	239399	239509	2989.169443581321	7448.364038825757	5552.373502604166	4285.513267933238	2272.9153370250356	2310.9205107717803	59.07810757376931	902.5942898837003	242.10028464577414	149.6017217462713	3.217246931249445	3.433083170110529
IV	254975	255044	1368.1298421223958	4255.624915081522	1756.7624741706295	3754.2054921025815	1290.3349361696105	572.4478029997452	0.0	370.2596992824389	182.594086356785	51.86254960212155	0.8467307522676993	0.6028856522795083
IV	267726	267806	772.6214328765869	2104.738888549805	737.9042278289795	318.54961194992063	545.6446880340576	520.4464611053467	0.0	128.4157364845276	55.72969131469726	12.782565689086914	0.21452396959066392	0.1891385555267334
IV	307334	307765	2106.512077880293	6017.467926001787	3031.575718713747	2844.2487456496524	877.6724284231801	1168.0969104221047	163.4116359373558	744.1348874120868	442.09480494523547	230.01897187907846	0.5780677659190725	0.47958882612861226
IV	308428	308792	4335.508573091947	6413.76756918212	3367.477664262821	3179.339357615041	1592.2787146935095	1087.9269353286686	109.46855759596848	681.5655267212417	589.0889201740642	305.0775265536465	1.5042432055368529	1.4261695015561449
IV	314045	314336	0.0	35.06712081751873	39.778030517857786	0.0	28.283218088838243	20.02648338501396	0.0	0.0	18.982245245340355	6.820183149727759	0.1439367709905421	0.21029299118674497
IV	322283	322703	710.1377444312686	2007.5108382936505	1580.5405211433533	474.46248895554317	517.3558986118861	2483.950430927579	212.1393572654559	1166.2034639903477	595.7038922991071	295.40679931640625	1.7199337402979533	1.5476769492739724
IV	337525	337634	1254.8676714415944	2596.5503049144686	1658.5503616566323	1785.5986367321889	1061.8240658821317	882.7010563375023	27.10002830925338	161.5269710295791	85.32531094332354	23.442291032283677	0.3172215414703439	0.18744328918807004
IV	359614	359636	1411.430908203125	962.1820789683949	2552.5300071022725	2074.8658336292615	1419.5631658380682	740.2362032803622	0.0	118.27772521972656	43.84780380942605	32.58831431648948	0.06620867076245221	0.06099447337063876
IV	399362	399484	3759.209658763448	4139.480287312158	5903.813599299863	4704.118100025615	2923.1215219966703	1472.1744818348702	141.97708261208456	153.73289158305184	145.63839271420338	71.17735515657019	0.48014640710392936	0.4093405272139878
IV	431387	431472	576.6491192985983	2072.4559958065256	866.9518123851103	779.7282529943129	719.1754545323989	268.15065540986905	117.41658675249884	401.94415785845587	275.840185546875	146.02441496007583	0.38553355546558604	0.3617707280551686
IV	458018	458097	929.5081118813044	1916.1059539408623	1359.2939522658721	776.3226194743869	408.2365579725821	169.25776691678203	0.0	194.63369654401947	98.89666014079806	68.9150640753251	0.3409051140652427	0.34179493898077856
IV	491560	491898	5619.930157001202	7141.12846419656	4708.1550760062255	4084.042396680843	2801.2247343345507	1325.8771312946867	31.64764596724651	1643.1951875404493	787.4973809056028	330.172557763094	2.6105926382471116	2.6143153532016914
IV	569634	569723	617.8749012464888	378.10872118660575	579.0412337056706	373.39113428351584	530.8408696892557	272.83255330632244	59.8831453001901	3.037617887004038	47.948416120550604	20.468135233675497	0.11797013878822327	0.12403422125269857
IV	579479	580017	28024.015702144807	35660.40135145601	19962.50912184402	21640.936823303906	10055.25137953067	6918.398835930239	792.1556198878158	6225.062294885572	1602.3630287142048	688.8519186140436	3.1180172391983656	2.4544030414638023
IV	629906	630173	1168.4374807979284	2617.2291886118915	1574.9749196560938	2051.554127165262	1017.8866154245669	1053.4172430336105	12.663955902785398	327.3668435771813	126.23762212174663	41.64634510283167	0.4004650432965282	0.37234882558329724
IV	715248	715358	1855.6917302911932	1941.9765195904358	2119.9569010416667	1264.4388072620739	1269.5421530983665	846.1205921519886	0.0	138.86073282415217	91.31404862837358	39.049626783891156	0.8098681926727295	0.837339828231118
IV	733703	733775	1009.185685051812	739.6069081624349	733.6109881930881	621.0221922132704	526.7910970052084	125.45769606696234	0.0	91.99358050028484	83.67271667056613	24.566024356418186	0.7439575725131564	0.5604749454392327
IV	884398	884457	36243.63397113347	42112.138837394064	44790.71682997881	99054.74404131356	63677.33229608051	49244.66280455508	2506.292211500265	19245.70368776483	973.2340967210673	410.17014998096533	0.23254492954682496	0.34541988953695457
IV	946351	946364	15555.35381610577	10437.83856670673	13726.42315204327	18978.361478365383	13816.84600360577	8973.17412860577	916.6292442908654	3067.4122596153848	297.8233149601863	122.85515301044171	0.04698679968714714	0.051610708236694336
IV	1073313	1073401	1193.1351408524947	2188.2088581431994	1668.8813698508523	1798.0065168900924	1305.6356603449042	768.5662071921608	51.421945398504086	190.47254649075595	131.13411365855825	63.35357934778387	0.1407850846986879	0.1446235626935959
IV	1095406	1095424	5884.019992404514	4965.332763671875	7315.707682291667	10097.149739583334	6210.590033637152	7628.177842881944	766.0600077311198	1308.561082628038	40.011948903401695	6.401279926300049	0.117467001080513	0.11182300001382828
IV	1103810	1103892	371.97057100621663	577.3358310606421	115.31922019400248	341.516131331281	376.5304502161538	199.38980791045398	0.0	36.26619404118235	73.95777697679473	23.360788484899007	0.13560632670797954	0.0723718837267015
IV	1212878	1212978	1420.2304174804688	3534.3688492838537	1913.6152018229168	1139.7768734741212	1223.0422293090821	740.408759765625	38.086509208679196	156.46426750183105	31.0224503326416	6.681332588195801	0.1548215079307556	0.10981383718550206
IV	1236843	1237608	4615.801580371732	7974.2630489174835	5442.197394982299	7983.976722834967	3709.1766493055557	2513.925462111928	108.43010625266918	1134.6489330815334	709.53299580493	326.2824667936836	1.929828620736116	1.9136541338527904
IV	1238631	1238824	1129.3871659194867	2288.9712807979813	1849.20740568329	1178.431204966807	1150.8593829061083	676.6558009330473	9.313375408785332	234.9761336726846	144.8099086939362	38.08326476102048	0.18111145874688045	0.17109805438184986
IV	1266770	1266861	1667.0491205571773	2468.639111864698	1645.8101149338943	1080.1663067157451	838.4779562478537	810.8268362192007	3.3151121873121996	188.64975813980942	248.1554246839586	63.44125282371437	0.3186777188227727	0.43943973098482403
IV	1319618	1319697	1481.7359433717365	1670.2938232421875	1887.6730539828916	804.6817935991891	829.9499859387362	455.7248090913024	18.77514486675021	343.9238611535181	142.36110600338708	106.3731621850895	0.6909733305249033	0.5153687490692621
IV	1319721	1319816	605.4782840126439	2220.5940892269737	997.9655960886101	1125.0866474352385	971.2794738769531	361.2496453536184	47.36831438164962	93.55479194239567	85.28711001747533	67.97254172877261	0.3948590667624223	0.3100610224824203
IV	1355237	1355550	2709.8313538182656	6823.035666111305	2328.6080081765012	4182.450523849341	829.0424461486622	1385.0755340933672	20.36067884950973	511.2315581202888	1028.7747588233826	532.259630099653	1.6871642447508182	1.4639633577852584
IV	1359970	1360404	2960.1009279593895	7237.74716781874	2999.1308983774966	3470.376907672091	1251.0897807459678	1645.8270486811155	413.4886240901236	1243.2062527001729	635.569585140949	357.43985083795366	2.2626613367537747	3.179976395198277
IV	1401801	1402184	3007.716368513381	9504.84177477698	2689.091996607104	8398.182098563968	1972.009482600359	3299.730801495187	166.10958425511438	1185.2977565835101	564.8134670008567	218.8722093547293	1.9992111557146277	0.9800079852420418
IV	1450458	1450846	2702.259257208441	8134.311748281787	5931.136186842246	6990.012512081185	2571.1373366523035	3735.7518457366837	311.08737728901855	828.1618790774002	847.2699632153069	345.8061764117369	2.237052872008884	1.2630881485865288
IV	1461759	1461791	20143.843780517578	16480.971618652344	19894.531311035156	30693.934204101562	23304.953186035156	16026.184112548828	1071.9658546447754	3095.2762298583984	340.1926221847534	84.81696379184723	0.0	0.0
IV	1507059	1507314	154.30685843673407	843.22845770144	303.80525692210483	371.28628484987746	130.05049145268458	100.77083524816176	0.0	47.756111234777116	15.826114561043534	20.01301560495414	0.23699542497302972	0.209284719006688
IX	4599	4986	712.909493113673	2637.329193351805	472.57614750825155	1033.6759033360838	430.44554856766104	427.1549970444475	67.17111422552422	596.8702083459505	16.928679986209524	20.219489829484807	0.003514809124845559	0.03818637428165098
IX	47699	47760	1188.7635508052638	3055.9200059234117	2485.327690749872	1828.6993007972592	1305.3871960249103	1460.1106057088882	19.575918619749977	274.78025942943134	78.64051893890881	52.31209439136943	0.23801503171686267	0.18881622958378713
IX	68716	69149	4082.270532057412	7280.676371021579	3459.2573618077604	3826.3809048201138	1822.0374961659209	2022.0145319115668	130.22869492458142	1633.0968781574768	543.735934004222	221.96078864751732	1.8174960332434391	1.6795770973311286
IX	99096	99385	9999.020920063798	20599.592988574106	7451.8364443663495	10955.76490051903	4882.586398748378	3747.876722219218	64.28427801495192	2618.1807333342344	865.5318181127001	358.61166582470537	2.5044508541331574	2.2571579345782324
IX	155223	155310	3138.9047037760415	7464.981888694325	4930.527147315014	5351.941364156789	4495.793776939655	3351.488138133082	3.756492066657406	513.1177554075746	129.87739352522226	76.26468255053992	0.6343385371668585	0.6324697040963447
IX	166435	166519	5015.515468052456	6443.589029947917	4356.855375744048	3022.690848214286	2476.8414393833705	1412.9867742629278	65.09366925557454	174.19761948358445	169.88506389799574	52.153289159139	0.06662582275679424	0.10514626243994349
IX	225810	225899	68.7900471205122	0.0	10.315451975618855	26.221345965781907	0.0	0.0	0.0	0.0	19.947211019108803	4.564957835701074	0.004223532556148058	0.0
IX	231958	232366	2696.7645383348654	4765.311439663757	2252.421273424735	2994.0566444546566	1155.2519094429765	1367.5890036190258	78.5451540479473	668.7163576612286	493.2962595621745	213.72949428184359	0.9383425665836708	0.6923568032535852
IX	256555	257026	936.9363771345459	1954.1265889010526	1168.3809803222312	1407.0004034799629	397.355110055069	1308.2292717179762	189.52593256087636	478.887369532494	512.2658614950321	291.8554079740164	2.073713808808863	2.0570292047634244
IX	316772	317171	30796.116321076126	36484.793569209476	22160.439756618107	20227.16523339599	10100.298948053729	5269.9128444483595	645.2806692690534	2929.7413504464284	538.2532578088287	306.49236310992325	1.709758030143298	2.2745637122849773
IX	348364	348494	2227.3586876502404	5672.092257612179	2824.7370448968345	2424.8905658428484	1503.5511005108174	1468.9894550030049	55.2102998146644	419.8602196326623	52.44853756244366	13.486558503371018	0.22103569473211582	0.2177058641727154
V	4323	4601	1537.3680059858364	5052.586465007682	1119.9787537645666	2230.4078940851223	1025.09587821686	986.7787298481527	106.39120827818947	1243.4693235767832	93.17211882502055	48.7167532804201	0.12294682916655815	0.12014538907318664
V	131777	131899	0.0	143.78670856079768	176.0691318199283	204.2941942683986	106.53987618743396	118.60195418394329	0.0	0.553991786769179	51.10468880074923	31.931794995167216	0.17088674155415082	0.08033712110558494
V	148195	148282	858.7851011780486	1277.553099533607	934.2562066439924	612.6612624245129	490.52439371744794	446.93959887274383	26.584415172708447	140.6122159409797	181.2436646209366	112.06491474721624	0.38560738371706554	0.3413538254540542
V	158995	159087	1793.5775776738706	1859.0507401176121	1231.0863886294158	400.7867126464844	466.27635292384934	135.83931815105936	0.5465130598648734	8.815695389457371	72.43519724970278	33.924187535824984	0.5913491078611949	0.5729039816752725
V	166772	166874	538.7668106228698	1107.87142645144	471.33915321499694	1072.5837566899318	268.7773759131338	504.2373238357843	0.0	74.21327714359059	105.3603416891659	45.280614665910306	0.5526995308258954	0.30878131296120437
V	184170	184677	83.24319719845022	360.0173084627712	317.04458154682106	316.8991251386834	180.6581345979984	89.84765542736969	5.989644105831568	107.86998786399586	43.2784371949747	15.249945093188765	0.30001871320152657	0.3588474947790187
V	239624	239711	60.67949772977281	88.72833935967807	31.306054564728132	0.0	16.8267005394245	148.48387163534932	17.337655692264953	0.0	27.972299268876	5.983958375865016	0.01751878489365523	0.02120784815700575
V	269752	270148	2066.9425295434817	6153.170937894571	1223.410934294113	3513.284103732639	1220.2031995985244	2232.2483584214538	299.88845968115095	906.2540782581676	868.7062889638573	318.5964125816268	2.011640109197058	2.074848685601745
V	306326	306791	1177.769015141969	2947.996823196685	1665.5377264644935	2026.236836357527	742.183444640457	2027.4110603578629	73.90044250786596	650.8271962155578	838.4283403950353	387.0527062857023	1.4521939195612426	1.0689574410838465
V	348202	348276	379.4864394729202	587.59243856894	755.9655126623205	442.77126250395906	374.07383728027344	52.06438641934781	0.0	19.63680344658929	52.33874223038957	29.41939725102605	0.12281453488646327	0.07925138521838833
V	396811	397281	4126.512750374002	8016.641093195923	4027.4945478723403	5545.231991356383	1460.615061918218	1540.8193878823138	224.80358338937077	1624.1083937624667	581.1340991730385	236.71669259578624	1.9258032438602852	1.3398390617776423
V	432672	433196	4569.975639052063	8760.83492770207	7021.275254577172	5434.038172039002	4072.623550065601	2084.533695599505	161.61119932006582	1282.1442833820372	202.04508611082122	101.02934567982913	0.7262610961462705	0.7464955726652654
V	548553	548644	0.0	172.30774353362702	172.51759690504807	0.0	47.77371685321514	0.0	0.0	0.0	20.657020862285908	4.2371141740253995	0.014312244869850494	0.04464095732667944
VI	54378	54686	15135.85648336039	18798.980874594155	20501.849144345237	12673.431315949674	12284.333737063718	4044.0698495840097	112.92422594962181	5335.093058796672	458.9566563197545	266.6539572183188	5.558373723711286	4.810622190500235
VI	63860	63973	1386.9390199374309	2763.380317800516	1205.521994261615	1215.9996861820728	591.2230343438882	625.5329769888459	20.690113894707334	221.00376000868536	139.70582432029522	41.64195661629196	0.11220434670690942	0.2941468031005522
VI	64600	64920	8588.432206726075	9356.693307495116	7433.182465108235	6399.3874316406245	3723.791079711914	2872.016377766927	163.36823838055133	990.6909982681275	1066.6186012268067	500.6094886779785	0.7662737465463578	0.35331389205530284
VI	75840	76091	12217.40405565239	18247.636454183266	22644.321713147412	23020.45625	29563.227589641436	15827.217639857237	6266.827441211715	21509.9179376245	306.7353530215077	141.70959357151472	9.306853932688435	10.361756693319496
VI	101412	101442	12733.423372395833	13267.7001953125	14007.833463541667	31803.6099609375	15692.083561197916	15218.930143229167	2063.1259602864584	4663.509765625	117.85321833292643	75.9618356068929	0.11981613636016845	0.10157261366645495
VI	157952	157970	5421.686469184027	5548.31005859375	5681.869900173611	16201.061360677084	7625.221028645833	9410.666666666666	477.65301513671875	1415.5744086371528	28.129599889119465	19.203800201416016	0.0	0.0
VI	167476	167489	3826.800048828125	3497.85009765625	4088.970665564904	9413.768404447115	5309.710674579327	4824.0400390625	201.11700439453125	1284.1500244140625	163.18184485802283	86.41729736328125	0.0	0.0279558002948761
VI	191558	191576	13766.05029296875	12537.300021701389	14806.499674479166	35378.80078125	17251.666341145832	16851.794379340277	1042.5916680230034	5102.81982421875	938.219479031033	467.29332478841144	0.027408966484169166	0.0559116005897522
VI	203293	203386	5678.445575016801	5783.0528813844085	5248.500485656082	3297.2862168178763	4321.176555674563	1167.6300166960687	34.87105890499648	65.0434823805286	58.504256709929436	26.642957953996557	0.2711215269181036	0.1827553626029722
VI	210655	210668	5682.39013671875	5307.080078125	6709.018517127404	18202.80078125	7541.43017578125	6960.8701171875	723.247788649339	2568.31005859375	139.3422305767353	76.32298396183894	0.02349339984357357	0.0
VI	221268	221414	12185.94775390625	18107.386125677796	10876.668646546803	10910.828623314426	5632.380797503745	3389.1270311608164	138.26790712957512	995.4837027771832	440.20864993578766	181.8199268497833	0.8109645639380364	0.9579881250041805
VI	242010	242081	350.0828096631547	1069.4000140982614	993.0741284867407	748.0971782845511	531.711356579418	288.6493829001843	0.0	117.08760199748295	100.00551143162687	51.94699945584149	0.2511580745938798	0.2848981476165879
VII	31427	31578	38.72043539514605	0.0	0.0	0.0	0.0	0.0	0.0	0.0	0.0	0.0	0.020848447345937323	0.0011108265017831561
VII	62132	62189	583.3533282363624	1923.4984302186128	577.1532357199151	694.3764755516721	502.7618841873972	565.7304275244998	0.0	8.8930260507684	79.870652784381	27.907329760099714	0.033385357443700754	0.1643016504352553
VII	72989	73137	2361.943555677259	5662.3694749436945	2913.272186004364	1936.3376753523544	1965.9492203995987	1386.9782780827702	34.397090808765306	1005.3428377718539	172.30548178183065	68.51639330064928	0.41524184032066447	0.46197894457224253
VII	115525	115547	4744.212224786932	1943.5509199662642	7060.842729048295	11405.409002130682	7527.312255859375	5705.556374289773	125.697998046875	1081.3900146484375	166.66136446866122	65.03120439702815	0.16231817955320532	0.0559116005897522
VII	157200	157282	91.65146246189025	104.43499141786157	184.734698411895	0.0	255.34829451398153	122.3979579646413	0.0	0.0	6.058347690396193	9.582415673790909	0.04943999593577734	0.04865630266324776
VII	167355	167994	2433.110107039808	7310.6133097776465	2806.8869892532275	4975.959145759976	2616.715047773621	2101.4495489829897	182.60180839031685	1622.486482312795	241.95906379711647	107.39234981626412	0.8384171617982533	0.7225731864035223
VII	205559	205590	13878.974262852822	13559.512915826614	18490.84847530242	37613.1480594758	20572.20986643145	18339.516255040322	758.6490498204386	4314.668724798387	411.2898697391633	92.09574890136719	0.029556212706431266	0.0
VII	249887	250086	2183.554990528816	4617.042399088541	2864.8808957711735	1951.2802120956344	1510.2259892602663	931.8241035295291	22.10768910508659	357.1563590351661	210.25461796899538	119.03283062652127	0.3459927406742345	0.19360079417875664
VII	287386	287419	9541.740293560606	6986.554850260417	12162.196910511364	16539.521158854168	10427.61094341856	7525.981119791667	94.08276852694425	1173.557432232481	96.55761071407434	45.77884847467596	0.5631296995914343	0.6201103329658508
VII	311016	311526	26529.044623161764	38573.33451797386	21072.596973294527	30622.567034313724	12819.895492493872	10682.659734987745	1185.5886123412433	6096.257582720588	2103.913551719516	885.1730530981924	5.470089401918299	4.328224021313237
VII	346809	346893	1141.7152455647786	880.2047235398065	1629.9481012253534	478.96296555655346	791.1107635498047	198.4967140924363	0.0	36.20732034955706	73.83371798197429	35.29039076396397	0.22269788952100844	0.2049674732344491
VII	364965	365432	7809.392978578359	11763.831776130886	9266.846370895788	10889.97003145075	5409.621808919968	3837.398896156763	1256.9120943568107	4133.506260873929	958.6360464484073	509.1985502385991	5.029089872535852	4.225479109639529
VII	365527	365985	11041.420887776338	11924.615257118814	8574.616218044943	6630.788224959061	2689.8446116884725	2092.9327778156844	373.71718435980296	783.361340385337	694.4701940544828	278.04478794414405	2.4693506341834257	2.231995354052714
VII	423130	423161	13217.912928427419	9380.763860887097	11858.964497227822	17076.641885080644	12548.538715977822	11029.8193359375	125.697998046875	2112.640660439768	124.33044876590851	48.216095985904815	0.0	0.0
VII	435680	435749	16.470685101937555	152.95409570224044	123.74072254567906	21.645866946897645	48.86177792756454	30.030040464539457	0.0	0.0	1.334390692088915	0.0	0.03869814036980919	0.0
VII	436313	436374	1093.8085977523053	1289.2003694127818	1067.0742347592213	694.7523793705175	301.8023711657915	264.84726152263704	0.0	28.807572911997312	59.4633602079798	25.185378309156075	0.15212934916136694	0.07286839748992295
VII	439094	439323	23095.977730963426	24049.58134893559	16560.470950463972	18383.616252729258	11338.873788891922	6547.3876896265465	589.6820949571102	3975.5430028657206	1041.6977986831332	365.10530616726936	1.1085211720529082	1.9038557777238205
VII	440752	440770	19674.505533854168	21399.149305555555	18732.1884765625	34943.188802083336	22311.29470486111	20060.610894097223	955.305396185981	4055.219970703125	170.23300170898438	41.608299255371094	0.04698679968714714	0.0279558002948761
VII	497366	497458	238.69218187746793	270.0735113724418	311.6802414603855	150.16844343102497	158.63975939543352	131.26425087970236	0.0	13.59086915721064	55.479491358217984	33.48929629118546	0.2795266405395839	0.24072014216495596
VII	497938	497999	2208.0490082287397	4992.685899077869	1708.2228063364498	2460.711013543801	1855.9050793256915	1835.8868508260757	25.13960075378418	580.583550124872	108.04999429671491	45.70095068509461	0.07895322785270019	0.1938572626133434
VII	543639	543721	318.76817880025726	299.33181604524935	509.0471898520865	120.66927821461748	218.01963508419874	353.3737681319074	0.0	0.0	100.67641355933213	18.57688754942359	0.3450771221300451	0.3150993872706483
VII	555831	556307	1517.750547777705	5969.349964985994	2776.498309821976	3092.9621044511555	1135.0384639451484	2885.133435845041	265.5976976550564	1631.8051198750984	544.7314330028887	320.62905678628874	1.6990204779039912	1.8321042501625895
VII	700989	701011	5592.403564453125	4912.333584872159	7511.534534801136	14702.2998046875	9156.586869673296	6925.547940340909	3207.58554909446	4393.16015625	180.9462238658558	38.11673147028143	0.0	0.048287291418422355
VII	727039	727357	4172.812846249754	7215.658166273585	3385.1413927378144	3568.172491032822	1871.8564760220127	1542.8808816393966	9.170420400751462	1585.808391067217	510.21673008181017	269.9605741680793	2.2394543233907447	1.8762651839346256
VII	857422	857453	14965.796811995968	11209.419543850807	18089.0548765121	34984.358366935485	20171.525768649193	16667.4415952621	2061.8528737714214	4830.290212323589	365.810062531502	112.1256098593435	0.0	0.054108000570727934
VII	859261	859473	7349.7173093399915	17540.214905169025	12258.154731414601	11385.218558372642	7706.185581423201	4747.733819157823	143.36694634635492	1010.1595862046728	137.49423239366064	88.15912664161539	0.5880484052424161	0.7279181345453802
VII	878746	878779	2896.186053651752	120.61499786376953	2396.271824692235	186.6959991455078	1845.6982310901988	129.5050048828125	0.0	0.0	35.58087181322502	12.899580608714711	0.034884139161669846	0.0
VII	920665	921119	1730.2057116000137	3048.414749033476	1568.2018817111784	1622.6523846193556	610.7792205138353	969.3298443809656	247.67221735112895	1029.4672367583287	530.2441578331498	227.76492544837984	1.4602377110115756	1.4297712279836512
VII	946328	946420	0.0	100.29403014805006	0.0	0.0	47.25443624413532	0.0	0.0	0.0	24.035336121268895	2.9614617928214697	0.0	0.05085979871775793
VII	1084883	1085030	815.3584690223746	1664.9139650651925	604.4909684576955	826.1598099689095	825.5698914819834	465.2649412955286	4.104424612862723	518.6952576929209	105.48421888286565	42.832353397291534	0.205941768325105	0.16702753153382516
VIII	1898	2670	254.17433103255038	1159.5435594944138	338.7416581860478	493.398979574411	230.23358020881298	234.9340752978811	23.07528855426661	191.723202483024	24.295527633607698	10.995919168304285	0.11975074522776308	0.08141066216974678
VIII	104406	104803	6583.9943792309505	13102.43724253516	5260.126556473355	6709.542241124844	2243.4309069731976	2114.8634910551464	199.0481222583796	1409.2300911622324	457.84278381501395	159.56313456576177	1.8685123536088304	1.6939227983393057
VIII	107832	107894	404.4489170197518	796.6448492234753	694.4802516814201	745.2771552301223	720.5142315280053	231.33280378772366	9.934197072059877	43.60459543043567	46.81748104095459	16.67430873070994	0.16180122379333742	0.16953826070793213
VIII	126552	127112	5805.208394949776	10001.127418154763	4671.562016369047	7177.627823660715	3632.369740513393	2253.538732328869	101.27161040863433	4252.053055245536	697.6622013636998	379.13623199462893	0.5576956238065447	0.7931006448609489
VIII	129529	129647	483.1116811461368	339.869394420904	638.7092457571946	117.87134552001953	250.00225868871655	232.11487523310603	0.0	50.40386290469412	75.9541175971597	31.295229055113712	0.14007062427068162	0.040068014067108346
VIII	138241	138408	2251.575881318418	6767.672873003992	3549.707730047717	2563.7249391841315	2296.7248922565027	777.701503243513	61.72001943759575	501.6952456171641	35.745285331132166	9.467761525136982	0.24428475688317577	0.3291816561521884
VIII	148117	148666	3431.0857885253017	6245.953805688373	4301.965548155737	3404.4273835951735	4542.297933387409	3515.274255749089	1118.2584965910062	9146.948890560963	803.1859255375541	360.7837930203353	1.4813556202122422	0.8565806838766907
VIII	187515	187676	8428.952243970789	14910.039082718686	7590.6042606835545	7134.004287170031	6099.750055348651	4016.6517725721396	85.41209955393157	1440.3143433754487	283.8616545304008	121.17510521930197	0.5516706342282502	0.44038512469818875
VIII	189750	189850	1516.6484606933593	3522.0570735677084	1931.6069791666669	1995.775078125	2363.128488769531	1287.450595703125	124.06390953063965	486.96459899902345	54.71997741699219	20.034010620117186	0.2551382124423981	0.3082126955688
VIII	237884	237902	12061.333333333334	12389.900010850695	11729.300021701389	27527.227430555555	17167.80078125	15108.900173611111	673.183349609375	2534.510009765625	87.29879760742188	25.605100631713867	0.02349339984357357	0.12269477835959858
VIII	251156	251248	996.6108809761379	1867.5710820737092	1244.3920082423997	1266.2829715894616	973.0564130700153	421.9454654196034	0.13662826496621835	313.6920802904212	85.03182295094366	34.718909470931344	0.4311166638913362	0.3601968236591505
VIII	255638	255750	13415.477046421596	19565.76541573661	10916.353759765625	9168.089229038784	8347.460122244698	2662.8648856026784	21.884920299053192	663.4993869236538	163.82775388445174	70.17205837794712	0.19266680095876967	0.096285237797669
VIII	262355	262440	0.0	0.0	0.0	0.0	0.0	0.0	0.0	48.10603974286248	0.028885632402756635	0.0	0.03749443025273435	0.04280731914674535
VIII	298361	298484	483.74069747304526	709.8104248046875	655.35787839812	91.07103524556975	425.21978958253936	248.5461877342162	0.0	0.0	37.92265468690454	33.97995578176607	0.18013991476074467	0.16949623483952467
VIII	315772	315858	3082.8983466569766	3581.294765738554	2502.6473346089206	1775.7783188930778	1256.0453406045604	463.05413818359375	11.985158498897109	23.969807425210643	37.776060636653455	6.9967498779296875	0.08320012550021327	0.10914139293654021
VIII	354865	354955	3382.9547743055555	7341.45386827257	3456.726877170139	2756.871793619792	1735.5146620008682	537.4438090006511	32.821145078870984	171.9715448167589	86.88655293782553	55.55332404242621	0.27769512070549857	0.5101836648252275
VIII	358514	358532	6550.020562065973	6633.85009765625	6064.402723524306	16118.08349609375	9150.762586805555	7622.78173828125	364.5249938964844	980.0120239257812	48.01430130004883	28.80579948425293	0.0	0.0
VIII	382307	382747	2620.497346080433	3584.492495265152	2318.3348895448626	2792.213194247159	776.6197315562855	1422.4219463926374	221.7314526266303	580.0175603693182	908.1250905817205	375.6801779313521	2.380728016387333	1.695529256625609
VIII	388929	388959	16334.73671875	14711.059993489584	19542.779915364583	27145.5267578125	18321.236848958335	14000.523307291667	502.7919921875	3825.424698893229	149.1356679280599	86.73720461527506	0.1409599930047989	0.13605153163274128
VIII	498720	498786	462.1454667756052	1430.0241879549894	765.0633402737705	475.22505407622367	359.5958584294175	395.8719445430871	23.044634024302166	231.43452309117174	137.8553915312796	47.43983228278883	0.4306900284507058	0.2938007698817687
VIII	505248	505516	3894.050016944088	5156.606255830224	3413.9682252798507	4062.6940823227615	1646.7134408523787	1682.4065822012983	38.225351522217935	1946.9830850629664	863.040209414354	368.2329994315532	0.515237765525704	1.42902337793094
VIII	558616	558714	233.43059648786272	541.0769204898756	293.93140294600505	200.03113688254842	92.34401831334951	28.081378547512756	0.0	22.41408095067861	67.78462297089246	60.6927202185806	0.0	0.00028526326831506224
X	4582	4969	35.33437913209585	1.1184301384557023	0.0	0.0	0.0	0.0	0.0	0.0	0.1214245702561174	0.0	0.0	0.0
X	50269	50411	530.5096577389139	767.6843788970805	858.7568542767019	422.03737914394327	452.15581673635563	385.15070009903167	37.88648113062684	446.66364513988225	68.1599179120131	32.0373977338764	0.4318204727810873	0.3433259675200556
X	73797	74204	25534.10599662162	30229.486166564293	21498.475455569205	24618.401735257983	14731.776662315724	7898.8253672706805	699.9868498890162	4169.115059217598	746.631962956609	363.9533181530252	2.010265414486353	1.591437476858753
X	75939	76324	2237.193068942776	11568.786000067641	5383.7338059726735	2794.282711038961	2299.8366857751626	7029.841665821158	495.7374305914256	2621.024901075487	1121.627989612926	533.9018461153105	4.317125175525616	4.262073789324079
X	91095	91411	1533.849019883554	2773.4381601840637	1139.0592313999869	3878.9121087569224	1270.3614100202728	1510.9698612518953	15.43380529367471	3014.6677949156942	535.032077064997	272.54703570015823	2.672289261335059	2.071421840522863
X	156790	157249	1250.8958923738767	4023.712903390523	2334.0719457777327	3293.5245932053376	722.363623525582	2469.265883147241	159.28418121065897	876.9314242759821	615.9992750246801	301.7433183125681	1.3062487521202735	1.0952037840367403
X	354283	354296	7394.1554612379805	6657.039963942308	5910.997708834135	12113.661733774039	6029.732384314904	5526.359224759615	873.118154672476	2760.6722693810098	206.83084106445312	135.4116938664363	0.06325145982778989	0.10322127720484367
X	365785	365902	745.744876176883	1427.507595486111	1035.8602430555557	181.90869610126202	578.2142177483975	420.9475292412304	37.60198004632934	145.86113693367722	171.3914993155716	74.09942789974376	0.19588514653026548	0.3234479885834914
X	387349	387435	1700.4540731740553	1038.5537265511446	1558.9511016135991	1120.173630825309	1239.5377697611964	515.759563357331	8.62346770042597	0.0	108.93305862781614	23.360480375068132	0.12965759842894797	0.22255960349426712
X	396494	396570	1289.3899953741777	2432.9392475328946	1352.9549512361225	971.5540458277652	709.1978872198807	432.3917459186755	18.523916344893607	221.88105256933915	87.06189004998458	42.722996159603724	0.12206524453665081	0.1778733726394804
X	415967	416000	3414.9845969460225	2991.625725023674	5548.33251953125	10570.945371685606	5555.923828125	4734.764559659091	764.4730113636364	1182.7703191583807	132.93252644394383	88.35692475058816	0.0	0.020331491123546253
X	435228	435343	1152.7359252929687	3891.8666666666672	1845.1559669384058	982.1811682659646	1134.8792950174084	1630.5138870018118	35.85128548663595	237.14238991115405	209.34864608101222	69.01551155422045	0.7074832900710728	0.6645124103711999
X	469184	469263	209.75412537779988	592.3893287755266	237.07297564156448	1117.8110598793512	370.61375716969934	167.61831085591376	0.0	136.0295734164081	183.39479567129402	81.05543006220951	0.20337404320134392	0.2282687699115729
X	542992	543005	6720.1647385817305	6193.1345778245195	6812.59375	14655.599609375	7985.0400390625	6811.445462740385	1204.7661696213943	2058.8006779597354	208.5096881573017	166.92561575082632	0.03433650746368445	0.0
X	580348	581052	504.4011723778465	1999.1769675052526	1094.9137674967449	2015.6255301735619	1103.907888065685	1210.3061472863862	25.45430699261752	876.3747586987236	170.1500349369916	74.00612222064625	1.8601578826254064	1.585281942082061
X	608307	608581	11124.313882869526	14589.176565351278	7814.59956660584	7896.673354812956	3764.066641480383	2703.009067062044	76.33630553475261	1362.2858369924727	770.541065522354	387.5749736702355	1.869818523417424	1.8614821103367492
X	617957	617975	2676.219984266493	2583.1783040364585	3570.297756618924	6347.64990234375	4798.423177083333	3464.25	387.5688832600911	473.1090087890625	30.55459976196289	43.5642818874783	0.0	0.0
X	637810	637858	587.3327980041504	1638.357421875	1180.7471885681152	1468.28160349528	1075.7632891337078	1029.965897878011	19.64031308889389	394.2577129999797	200.7873748143514	62.212438106536865	0.46937855953971547	0.9487490641574065
X	702799	703054	6686.107697610294	14435.611236213235	5232.581816789216	9113.768351715686	3310.764659926471	2855.3693704044117	41.11066097558714	1856.3987668504901	565.5416120940564	358.3476952646293	1.2499121006797342	0.3982159408868528
XI	82999	83074	3671.923050130208	6860.60265625	4062.385849609375	4366.188557942708	2979.899855143229	978.6231766764323	53.79875769297282	778.15224609375	137.055498046875	26.345271911621094	0.29270827094713847	0.3106353418032328
XI	109578	109883	1254.9524494108607	2684.614864561988	1295.1063052318136	3485.812820184426	1265.297936411373	1185.36470100111	14.259511084634749	1747.3413766329406	953.6980923011655	442.74093437820187	3.7564491834796843	3.1374164482609173
XI	155272	155654	927.4756031935127	1850.5509060897962	1344.0183834055956	1645.581813440772	1410.6881886427316	760.775758007642	154.86952327853552	1121.685580418372	116.57397005570496	66.25603976424452	0.9546105661941449	0.6887467047931012
XI	158616	158966	7147.151403459821	12465.808556547618	5489.168441220238	8030.531997767857	3868.133311941964	4256.475360863095	81.02137914112636	1373.0752232142856	935.319072265625	484.1966800362723	0.8977783172471183	0.8047439508778709
XI	283096	283421	6562.939771634616	9899.54408653846	6052.241100761218	6195.688829326923	3730.6763604266825	1529.1461919070514	465.08333446502684	2947.0009405048077	731.4020935997596	403.35516873873195	3.5758028294489934	3.2030069028414214
XI	302954	302987	10017.221650094696	8472.31513375947	13080.260505445076	22890.042613636364	14308.557587594696	12040.987748579546	674.96054724491	2580.595525568182	310.17533273407906	120.46058701023911	0.05624177532665657	0.06523017020839633
XI	430456	430596	744.8650111607143	1187.8465401785713	742.2299897693453	634.7648710523333	823.2790802001953	772.8503115699405	27.02507632119315	503.8403817313058	81.26786455426897	32.226444189889094	0.5179978370666504	0.5988344388348715
XI	432035	432432	7022.40057388421	9727.85947995382	7932.895612766321	5828.917911189389	2587.563090365239	2770.163821024218	694.5483377193297	1370.0220638822848	620.4473140533985	234.35031581465483	3.176643343356154	2.8008784527142043
XI	437838	437905	887.5140253323227	1262.8613572761194	1056.928629860949	685.4793580468021	534.3227334093692	482.2594349419893	0.0	133.15647364374416	62.85392254502026	47.66028856875292	0.5074860800558062	0.4406819183435013
XI	447707	447810	256.6238918119264	692.4162459388906	376.58977817177384	260.10477284551826	52.975130951520306	180.48547066994084	0.12203689686303	60.04088170320085	81.9379462084724	33.85823218336383	0.1440965431986503	0.10236602493570847
XI	449952	450020	171.98106272080366	99.33028602600098	24.752022799323587	491.4487903819365	47.623182240654444	0.0	19.224400576423196	0.0	29.72008977216833	5.0363035692888145	0.06486596693010892	0.022804019082447186
XI	458595	458626	8837.565114667339	5608.60986328125	11532.264427923386	22517.918724798386	13985.290480090725	13193.770791330646	71.76960237564579	1993.8199462890625	58.57466285459457	20.959030059076124	0.02349339984357357	0.0
XI	551681	552002	1064.1583445896613	1971.8711393837616	1342.882927091446	2275.385606503115	912.5517562913747	600.2543663904303	17.542903811018043	1662.7154248198988	912.428793078271	312.73729061709014	2.7645867843865606	2.1625085322656363
XI	579002	579024	26768.886363636364	15784.16805752841	22046.354758522728	16556.509055397728	24850.409268465908	10921.05908203125	523.9325991543857	2471.5345458984375	164.4786394292658	81.61633335460316	0.2317303168502721	0.20458545332605188
XI	618375	618742	2672.848643456233	5011.121544334696	2450.887669590145	3613.5970921321527	1517.1696830562414	1405.250266980302	69.34645263127594	2098.091554730075	550.9528928335745	312.92885595836174	1.2255881355633853	0.9892826499341294
XI	625902	625976	340.34890314050625	735.101536106419	602.9528161126215	556.3023335224873	212.21503159806534	444.9531800553605	0.0	21.463438549557246	128.8356756261877	73.13083112562025	0.26043151600940806	0.1611708193211942
XII	3916	4014	0.0	0.0	0.0	0.0	0.0	18.996199004504145	0.0	0.0	0.0	0.0	0.0	0.0
XII	9451	9549	71.82478713989258	502.53816482647744	265.13750452573606	230.51214179214165	277.9371091492322	226.77761903101083	0.0	76.89751492714396	11.418994397533183	5.056124366059596	0.011933987922206218	0.0353102548694124
XII	40222	40400	1262.3257398283884	1661.482328607795	2330.18455568235	1501.6275313816711	1884.9286780196628	720.4445887647765	14.405838634190934	489.0449589075667	317.70036401641505	140.34940432430653	0.8582433368382829	0.8432383925727244
XII	92584	92614	8912.184928385417	9627.116536458334	9361.318489583333	19441.20703125	12530.616666666667	11682.406673177084	1518.854960123698	3214.8865559895835	92.39125417073568	15.14970703125	0.0	0.04100184043248494
XII	242322	242680	9918.543856658083	15536.017225325886	7083.942140945066	9303.704508554469	3972.5679392894554	2770.9142298067973	649.2428595376778	4400.62294730927	491.1260321419998	257.6417234623232	3.056415936134381	1.6750283667495132
XII	250861	250947	0.0	0.0	0.0	0.0	3.6108036041259766	4.51759515806686	0.0	0.0	6.7155364391415615	0.0	0.006129455124569493	0.0005485513139256212
XII	263206	263594	5077.766329735825	7642.81388262457	4068.534283719932	5297.078612274484	2201.7052442413014	1987.8677026283292	172.3855122331156	796.563183971287	908.1206945045707	422.3884790164908	0.6356954427109551	1.6011876387079966
XII	286468	286556	317.86373259804463	896.3920010653409	349.1471987637606	280.04353696649724	312.04170539162374	198.67180832949552	0.0	2.304102204062722	37.861542615023524	9.716708530079234	0.21781445667147636	0.23808101259849287
XII	327259	327399	469.77093593052456	1281.6461449032738	1099.8244187127978	250.03873089381628	763.1685442243304	517.8159301757812	0.0	175.23960124424525	104.11162806919643	52.64196254185268	0.15021085483687266	0.08694385236927442
XII	398533	398626	155.70882538826234	83.00393816219864	320.83329674505416	13.048617373230638	286.2022084882182	137.51178380494477	0.0	0.0	17.452421044790615	13.615625853179603	0.042266001544331994	0.017256310590172328
XII	522670	523028	3474.276631786837	7629.561625276419	3242.797426021299	9475.682063983939	2759.252313198324	3244.4098570981732	1231.2607557026488	2256.3314794614994	686.8351699573368	217.69330831346565	1.135449623262416	1.0085209746267543
XII	548678	548763	1662.6655259076288	1099.020348403033	2033.4486960018382	652.3362943761489	1161.7444177964155	415.5572597728056	0.0	36.57650478587431	82.25027411965763	32.9477632410386	0.17395481362062343	0.09484415019259733
XII	550459	550574	398.16570872431214	438.10470519134964	221.68542851987092	347.41627323316493	339.0749690843665	173.2594928243886	251.39615836765455	184.83575412916102	71.4023022112639	30.429558111273725	0.3258240548164948	0.2563958057890768
XII	564455	564513	532.8424903606547	1476.4985056910023	937.5989211509967	1461.3750147326239	653.1833164609711	368.9762720568427	34.89203206424055	9.322344549771014	20.018522377671868	2.5384385955744775	0.012961875775764728	0.050609638464861904
XII	592563	592581	932.8084072536892	552.8205023871528	846.6704983181423	1488.3744981553818	1227.3311089409722	582.77099609375	12.56980037689209	0.0	96.02870178222656	28.094533072577583	0.02349339984357357	0.06523020068804423
XII	605336	605395	45441.7082560911	51704.11533368644	58730.429091631355	136605.84745762713	81361.72219279662	61173.893471927964	2778.56932352357	24046.10023834746	939.276021666446	419.28389416710803	0.3599667195546425	0.41317701087159625
XII	628421	628453	8447.969329833984	7619.499038696289	12166.41552734375	19168.396606445312	13112.931243896484	11960.959381103516	486.6872525215149	1855.473762512207	485.1904020309448	222.44459295272827	0.10425194981507957	0.0279558002948761
XII	694383	694472	350.54094636038445	244.6184668380223	132.0379170621379	165.71887601359506	384.29898508479084	0.0	0.0	0.0	63.21196530374248	48.65695713343245	0.15524779645244727	0.05472387758533606
XII	712726	713155	3089.246006109776	4979.607517861912	2774.034401443825	4859.449743225525	1932.017601457787	1781.1891697170017	294.5151877559881	983.1445306809077	582.5673321632794	240.09456245048895	1.9097595526066138	0.6542704964017535
XII	732128	732146	2822.860107421875	3678.77001953125	4199.348768446181	7094.43017578125	5367.72021484375	3566.77490234375	297.4853871663411	912.4249877929688	52.37929916381836	35.207000732421875	0.0	0.0
XII	744154	744287	1147.2153200995654	2663.8350545553335	1446.9137672672891	2354.7520944695725	1134.4967486159246	1098.938142475329	0.0	19.310571025188704	38.089622382830854	17.973524624243716	0.08041629127990034	0.08340101784333251
XII	766074	766129	34.6609243219549	160.08953912908382	24.482004339044746	201.97096280184658	123.40512209805576	0.0	11.88417471105402	9.83084515658292	121.97990958473899	41.7247146953236	0.20546045235612176	0.20585624155673113
XII	766182	766249	0.0	306.03874411511777	169.45589845571945	0.0	50.32033846271572	64.7522964477539	15.008716867930854	155.85388024173565	105.4100387345499	40.811139633406455	0.16262382313386717	0.12286717500259627
XII	784390	784409	2682.0084549753287	2707.495733963816	4025.0406172902963	3296.6489000822367	4284.37105520148	2941.1168662623354	93.94244625693874	540.6959838867188	35.60870381405479	24.594404822901677	0.0	0.0
XII	786616	786712	216.52634716033936	605.40648566352	100.36142200893825	272.26438220342	58.68634982903799	195.88710212707522	41.24465748667717	34.145514607429504	40.34443728129069	6.517969886461894	0.0869531100615859	0.09469655901193619
XII	819331	819777	1444.0911971977473	3345.531626611547	2115.886929681661	1785.8373108183855	813.514036443736	1363.9881115558437	200.69316499183677	495.1323762217979	606.173881222849	252.9763728257252	0.8257805648940562	1.156878634151322
XII	856575	857057	8031.885794865145	19451.959057313277	10391.265387275243	12372.681606587137	7506.686343117868	8908.017880683783	3478.921749752452	15862.638414564964	695.2826862256062	429.6659067240988	5.503970669512927	5.203723194193543
XII	875413	875435	3354.4422718394885	1441.8981822620738	3804.452237215909	4760.740234375	3153.6881769353695	1901.3603959517045	37.70940017700195	328.7185877019709	86.70355727455832	41.753826054659754	0.0	0.0
XII	931350	931698	8314.60971174569	18149.356651101534	9000.34423266882	9862.82693516523	3683.7050395395563	2385.257619572782	90.33653547846038	1216.584786952227	507.07393462082433	211.94584839919517	2.113879133915079	1.1912513101237945
XII	987142	987212	846.3355464390346	2930.0915631975445	1272.6285400390625	1322.8720825195312	595.0756397792271	761.3017839704241	36.272882788521905	233.65826830182758	102.15516836983817	23.92194344656808	0.3418080159596035	0.31422816174370904
XII	1024573	1024654	0.0	311.9617643003111	0.0	72.60398742299022	0.0	19.185852144971307	0.0	0.0	7.084605040373625	10.771306567721897	0.044240453705927475	0.05315051660125638
XII	1028869	1029252	848.2812249803668	2814.4700903299067	685.189228851345	2345.619168162533	653.1334448433421	1053.9204573270235	293.64122106704696	699.8299876081103	747.5404025643053	360.6256475622909	1.3842475034549404	0.6164582283005079
XII	1067085	1067363	926.3076920818082	3872.9520430530574	864.9436977761541	1543.4119319778551	842.6118818324247	800.1006657076683	47.385412459750825	955.6965587808074	64.07224336802531	30.334482611512108	0.20219480412469493	0.14108149581354298
XIII	3792	3890	253.25728389195032	255.10264540691765	186.4126300941519	0.0	47.98266048820651	176.74741908482142	2.3087388447352817	0.0	22.957681461256378	17.525952553262517	0.08925391779262193	0.07095922354836853
XIII	23361	23658	6213.361020688658	10623.2398069234	8222.179575704966	7255.440422453705	5022.1817014546505	2474.3215784143517	21.372913550046157	605.3324516116569	97.64269968154856	39.05673500343605	0.6672716931461886	0.6558588654906662
XIII	82291	82373	371.97069251828077	604.5479527915396	477.69827735714796	576.0244897981969	374.3662356865115	181.22759153784776	10.423736897910514	22.66637127573897	111.6951703327458	44.94925252402701	0.1561898789027842	0.1517965720921028
XIII	99260	99375	1970.4249416185462	3599.34295459692	2920.6749603713765	1263.0350463867187	1006.0378847868546	612.5365549281024	51.15361875451129	164.5598545572032	96.74036493716032	43.81657980213995	0.3259006655734518	0.5362347483634948
XIII	123743	124157	1492.2738945265323	4554.805498943237	1924.7285533665458	2422.4207974788646	655.9741132800706	1595.8787977430557	33.244164829982914	672.7034808909835	582.3780264002113	222.86306976465787	0.7744380055706283	0.6072947938661069
XIII	140091	140183	1112.170266524605	1484.0937964397929	1510.1686998450239	1005.5187450906504	592.6097179910411	308.2771513565727	13.662826496621836	144.35735868371052	123.67872719142748	48.960858801136844	0.22626765137133392	0.2437302379504494
XIII	163309	163716	14896.259213759215	16731.045473740785	10732.762490562296	14455.61872216677	8313.903397393753	4981.186784973895	848.089443919966	3228.981439913813	656.1422059155213	252.68117813747696	2.1062278888149404	1.9001438717291455
XIII	168834	168847	14365.292367788461	9663.146935096154	12636.492262620191	15804.507587139424	12499.676908052885	7735.4069260817305	1053.9261521559495	2095.199951171875	286.40715848482574	187.36061330942007	0.0	0.11182300001382828
XIII	196104	196134	8614.011018880208	8672.245638020833	8727.84482421875	19606.146549479166	10630.45341796875	10780.183333333332	388.4072591145833	3257.692277018229	101.2663210550944	39.90130736033122	0.026625853156050046	0.07454880078633626
XIII	206098	206203	270.24080432710196	629.0426781063989	343.9993741474454	267.59693145751953	379.39495646158855	402.65920991443454	0.5985619227091471	103.31159453619094	81.9764043535505	17.433025578090124	0.3656160382997422	0.2215996171746935
XIII	211445	211570	146.05573858642578	160.56910400390626	107.99632080078125	79.9057007446289	16.32497717285156	139.3145364481608	23.530675643920897	51.63646786499024	71.52934033203125	25.463495666503906	0.14894242238998412	0.09022035241127015
XIII	223381	223781	1942.2366082763672	5280.7046875	3236.716884765625	3521.1031328125	907.3559936523437	2986.8676888020836	176.55326371626418	670.8896736812592	706.1494073486328	315.78563079833987	1.91874436378479	1.7786884021759033
XIII	225240	225338	504.64396075813136	658.8332855847417	802.6399199816645	280.9958506214375	267.9786931251993	247.62530974303783	22.189545563289098	151.3812033205616	103.20099593181999	40.11107285168706	0.18564737177624993	0.1333605866042935
XIII	225892	226289	3827.823083680583	10468.28500373898	5386.10720192295	5007.992391176007	1942.1078120695254	3610.3517199307303	387.56203005585206	1583.3470437460642	503.3320003480695	224.62238482804383	1.2003545851190984	0.8389170084251865
XIII	236592	236953	946.4452529864958	2440.4807825484763	1215.179517976685	937.4441541507964	1038.3462942023027	499.4947393669206	91.45256091280928	214.31034770764802	126.59611337931203	83.24878455925516	0.23974872791205748	0.30669269188619386
XIII	337818	337903	7833.285724954044	13615.35057444853	5875.328458180147	9215.081405101102	6187.103182444853	3211.3320513556987	80.59453533397001	959.3393202837776	143.81992043887868	73.45349282657399	0.3193029228378745	0.20309071400586295
XIII	352317	352334	5453.797535615809	5583.782944623162	6070.102194393382	14133.958984375	7152.61767578125	8088.319393382353	580.4292351217831	1170.84470502068	21.82469940185547	12.802599906921387	0.05942448097116807	0.02137796493137584
XIII	379339	379372	4352.611860795455	4570.590258049242	7042.293294270833	12248.378847064394	5746.810310132576	5033.015610203598	421.2792811538234	1768.5266927083333	207.66511235092625	115.31995484323213	0.05837753810214274	0.0
XIII	424998	425153	1189.3872204196068	2133.9193359375	1388.454554141465	1064.1641288511214	944.3555187594507	461.2294669858871	16.462383719413513	634.4803214780746	220.20745751165575	160.76248109879032	0.6209978765056979	0.4892827780016007
XIII	499879	500151	19581.0977639591	30328.172181372553	15426.82869944853	17871.50796185662	10297.418536017924	7913.888384650735	2031.7342050776763	9223.884392233456	646.328847324147	379.88922119140625	9.839683546739465	5.814899115001454
XIII	504933	504964	3576.178695186492	1585.5083047190021	4071.1248582409276	3098.544496597782	1916.1242045740928	1572.8551734185987	0.0	243.09525323683215	9.997107798053372	19.30710494902826	0.0	0.0
XIII	517564	517885	2247.6215443833967	3661.1321432048285	3164.0618763385905	2667.0025177667444	1420.6727564921632	971.5405637239991	30.38683094488126	207.45910580358773	178.81053133099994	75.44599477227231	0.7627819477583389	0.5527276914810466
XIII	537449	537564	339.82740604566493	1007.2149822732677	697.1667663131935	1309.3047278362772	850.5814825306768	776.9568159462749	0.0	73.46421949967095	10.812709070288617	5.283665093131687	0.017281693900408953	0.03330386617909307
XIII	550802	551203	1207.4445636397288	2482.417773518677	1336.2247006994232	1478.0613188707919	257.9816052824482	1156.786034385066	46.80385071921581	473.09355030392766	533.8708999900152	277.27660896891075	0.6134986449358172	0.6722137042114562
XIII	551952	552495	1865.5582504693975	3781.353939461518	1845.0445729742173	3195.875088484116	655.9068658593391	1298.5811883728513	109.54015404116703	1333.3286807234117	654.6222240806285	282.83814128503394	0.7422897321743201	0.4466468137491693
XIII	651161	651623	1188.8123644543932	2050.523986376037	1804.9187103315521	1714.6904038994858	326.1506241967668	1550.2409781583976	67.3690465081165	203.90633263526024	754.97147095255	364.575716621432	1.0754599127418552	0.9638530753907704
XIII	652776	652847	2092.2342219822845	3107.1199933978874	1962.441689934529	1609.2625560491858	2099.9785878356074	614.690927424901	24.077364102215835	318.42064613019915	95.52343986403774	26.346103480164434	0.2729144255879899	0.3961553934594275
XIII	666934	667017	736.7450425481222	817.4233839655496	320.77375370623116	836.7560799839985	398.71761680511105	452.8758397849209	76.63029479980469	134.35976750017647	39.51452999804393	13.10021926696042	0.1450115941375135	0.13249530921499414
XIII	721199	721345	3394.790722990689	7991.6203669021115	3335.2315657106165	2067.7179975117724	2834.107425219392	1173.3945446275684	11.020098947498896	758.2638859160959	119.08103326248796	53.82652679861408	0.43830393030218884	0.550720845999783
XIII	732466	732875	1585.6653218537497	2009.1141026130806	1861.9342344450388	1606.121735081754	1093.6422217632564	1802.735073795334	155.42042315284473	798.4362606430986	980.670547448044	426.1779178535443	2.621776612871725	2.0697207742331956
XIII	753743	754219	383.1646020712973	1556.0175240994834	930.3500855176055	848.2003294872636	435.0685683819426	934.6346817657727	94.5785896994851	430.0443194733948	919.5037605862658	413.7944235280782	0.8959573457221023	0.7153762974658934
XIII	837967	837980	3116.14990234375	2834.4599609375	3458.090087890625	9779.977614182691	4214.330078125	3967.326134314904	1104.2074209359976	1520.7099609375	222.61199951171875	160.03199768066406	0.0	0.0
XIII	854817	854898	1851.132403338397	2385.505333417728	1937.4069281684028	2091.6819932725693	1455.7102141203704	1329.4210340711807	26.070697077998407	507.3198754581404	81.54626408329716	33.03127646740572	0.4905517174873823	0.4564279980129666
XIV	5932	6079	731.82444877365	1241.0595730805344	703.7196429678644	472.4542703433913	629.5935897308142	412.69942607576894	0.0	392.28568729737987	3.4732081688383	1.0430657087134667	0.022998959522973112	0.0
XIV	48294	48401	2868.0903651157273	7882.411309263046	2914.0100044416863	3552.451117114486	1745.4323593567465	1552.1253310349127	0.0	382.15152255619796	70.90732225079402	26.71842478814526	0.14551638777010908	0.11367663908227582
XIV	62373	62923	1994.7006068004262	2399.5616536458338	1624.1411274857956	1767.6761610440342	1956.4864049183238	1171.9589328835227	192.77678961950886	3082.408554021662	812.2510684481534	416.7587920587713	1.914348655613986	1.6458422435413707
XIV	64019	64450	6497.9370593006815	8267.960078004158	6206.318737009378	4274.401167343387	2838.8641040209	1712.743326067648	130.51795182854684	864.3290729566959	816.042647571962	362.6538152495559	0.9251876216200278	0.7792690435031174
XIV	145150	145254	70.85350176004263	30.757860623873196	227.80243624173679	0.0	40.94893939678486	75.63513838939178	0.0	0.0	56.27730039449838	36.05625915527344	0.10825457610189915	0.09524963860614942
XIV	185492	185586	158.73227699766767	372.75265007830683	199.56758677705804	119.16746650858128	208.59260348056225	116.7608559791078	16.982602636864844	40.983605161626286	216.80166301321475	78.23584682383436	0.2835453380929663	0.4229334700614848
XIV	331326	331837	4287.451712710983	6952.162621544765	3781.5619840080726	4747.8712336411445	1769.4569576733734	2505.441440649462	218.49210438968407	876.5276939556323	1018.7806201792977	416.95755679733367	1.6627788337242813	1.3653269108027628
XIV	350958	351053	763.3123663651315	912.8678826583059	731.2393895199424	157.2174415186832	301.65710625899465	326.8286756013569	58.08559562281558	107.42779677541633	224.73266794305098	82.89553238718133	0.7718353848708304	0.6585155625092356
XIV	366036	366157	2411.7197724649727	10202.413691244834	2446.522331132705	6180.245933847979	2450.139782613959	3497.4148426738984	78.5353066625674	250.23971645891174	93.03446178593911	52.12777432528409	0.4538438354641938	0.22572572911081235
XIV	374906	374923	3821.325870289522	2696.108829273897	3380.6799460018383	9521.48046875	4214.330078125	5094.478170955882	251.39599609375	608.2830200195312	43.90615799847771	39.725564395680145	0.0	0.0
XIV	380690	380781	6240.353740985577	10797.72181919643	7878.641848385989	6753.868241865556	5312.636882404705	2717.1058523995534	63.677799099094266	676.9843018919557	65.68995314378004	22.0736571930267	1.001301306944627	0.8050924500266274
XIV	414912	415913	2965.281000066828	3630.629656801532	1370.591486394465	2562.809360756431	539.1711263971015	946.8181806799971	67.49990345569735	472.3936680385045	172.3667026333042	49.175897039971744	1.0597652781617035	0.8608086930883753
XIV	443044	443075	1195.6078294323336	663.385009765625	1777.9122668850807	2038.5973687941027	1016.0160679971018	1551.9652138986896	0.0	263.8073154572518	37.594822052986395	15.07395887374878	0.0	0.0
XIV	443827	444171	2128.4414247024893	5805.579410996548	2045.3904187106348	3084.240519962754	1203.1000086762185	1195.7876253349837	23.458761206893033	1047.9753155375636	528.9657972468887	219.6585334068121	1.8705511966417	1.669540286064148
XIV	494525	494973	2740.289663042341	5677.205062866211	2852.6234043666295	4087.4649422781804	1566.7143347603935	2370.9288137526737	437.77105237292005	2418.5848410470144	762.1499974387033	360.7356119155884	2.9280509938086783	2.6057433081524715
XIV	534875	534965	1872.1335252549914	757.1965865241157	1378.4742299397788	434.5857198079427	854.2015072292752	367.6489582485623	0.0	0.0	143.23365275065103	48.756413269042966	0.08566117948955959	0.014919473334319061
XIV	545292	545370	4573.17239458133	4786.729085286458	3447.8865262545073	2757.351033528646	1585.0644914675981	645.4471998948318	199.98893170479016	518.1673180995843	204.0119347205529	82.68577810434195	1.309954822063446	0.7966729219143207
XIV	547130	547160	31784.710026041666	36088.12994791667	30871.8400390625	53911.47317708333	38782.16640625	28865.489908854168	1150.5539957682292	8085.659993489583	214.1729995727539	39.4745595296224	0.09005803366502126	0.10250446697076161
XIV	557611	557684	658.3837037805008	1280.5039714656464	656.9065292567423	1140.6329462756848	671.4972362779591	909.1925943453018	42.01412728714617	285.16181674068923	154.02847645380726	32.14203907692269	0.44001842606557556	0.5276059516488689
XIV	568151	568181	5666.500960286458	5618.666324869791	6564.24501953125	11329.3033203125	5871.963981119791	6415.872395833333	207.8210001627604	1757.260009765625	72.02151641845703	55.58443813323974	0.0	0.024228360255559286
XIV	609791	609874	221.73014022643306	308.80444997764494	243.7140969885401	104.59454621464373	175.3073862834149	94.78797232386577	62.39466140930911	146.98158889218985	19.823019556252355	4.676838764225144	0.15155723762799458	0.1634825352265174
XIV	622945	623286	1674.6021248825834	3199.903731747923	2185.288380910924	1695.8337833348605	1045.6299021432826	646.1796027786688	25.581940340506367	302.06997116849567	215.2254209098928	105.21273436784045	0.46487356281000847	0.3402329224470424
XIV	721771	722302	12393.292326903837	12899.120945395873	16016.721104048964	17553.33284394862	18997.111082145275	12652.64838018136	7678.452049376846	22168.931735108803	240.0507148124853	95.28139264525218	10.027995081776279	9.843207664857925
XV	80361	80774	4095.911206704941	8454.011307316889	3013.6580068666767	5286.540638241526	1160.7106442947943	1941.630500750353	60.27553394946553	1033.2350642686895	626.5058853851392	314.0751432922215	0.8537013322908711	0.8257543954087228
XV	92441	92830	7223.778747087886	13137.846601863754	5214.959745876178	6595.012418661633	3077.178083326639	3124.6887870206724	135.93286058640308	957.3545957432921	691.1616430601301	300.44038104765826	1.055946852063765	0.9847470966280273
XV	93844	94290	8678.589761092524	11689.573932642004	7828.181209273403	6510.256171174327	4308.61215360496	2479.2412795450296	570.4699522905626	2617.134404340667	587.7474800417776	203.153636607354	4.280882755202563	3.595200952393057
XV	240948	241025	1291.2134399414062	498.90927460905795	2059.1145653662743	643.7368393935167	1238.6626087535512	125.2999412239372	15.344951109452682	113.66916537594486	21.652878451656985	16.233124299482867	0.15852323232533097	0.2793426784602078
XV	242442	242504	0.0	222.74917147236485	57.25632083031439	33.123413332047	22.896176368959487	0.0	0.0	0.0	20.064625155541204	9.653566414310086	0.12845579414598404	0.12174292341355354
XV	274710	274728	13525.688856336805	13978.000108506945	15622.599989149305	41052.261067708336	19841.83908420139	16885.949869791668	1005.5822177463108	5452.023111979167	1000.5427178276909	405.0586581759983	0.15270699808994928	0.0559116005897522
XV	288231	288244	5501.906850961538	5404.495342548077	6341.7900390625	11575.099609375	6572.304574819712	4888.7998046875	1400.0845853365386	1926.22998046875	165.53223125751202	75.58436114971454	0.0	0.0
XV	301133	301162	19754.99313038793	16114.634496228447	18952.475754310344	33505.42093211207	22150.08620689655	18664.286301185344	1403.4855157260238	4785.861041891164	194.31508478625068	96.68111222365806	0.9186728904987204	0.7962582810171719
XV	438680	438702	7067.159978693182	4396.979558771307	10658.05917080966	9784.54580965909	8821.857643821022	5745.293634588068	310.81694863059306	1812.5608908913352	318.6407276500355	210.07831712202594	0.7122770954262126	0.5616576346484098
XV	464486	464515	12688.358566810344	9925.812398976293	13071.489493534482	23024.758418642243	15041.551555765087	12328.630758351293	1445.530029296875	3521.5172750538795	48.91745100350216	60.701773544837685	0.0	0.0
XV	505938	506338	1683.1757292175294	3026.020081380208	1652.2681823730468	2644.50297265625	668.8980505371094	727.7380729166666	362.1875158691406	1381.930368041992	676.9832092285156	284.4826426696777	3.659067611694336	3.3494528448581695
XV	552666	552874	6396.058368389423	9501.114838428986	8217.276838253705	5770.791336763823	4481.10942195012	2544.1143861428286	92.94394515110896	1398.0037583571213	434.75614577073316	210.6556114783654	0.8455999722847571	0.7569276919731727
XV	678380	678790	1642.0122111995045	3598.113935467479	2820.8910616742883	1442.3825795541159	1227.9164657964939	1116.8954276232214	151.612502185627	333.853977929092	754.8643840510671	332.0536179705364	1.642854012730645	1.6349305327345685
XV	778860	779386	2013.4325406034636	5694.98814448174	1696.1391917181559	3038.5374896031367	1153.2437785913735	1525.2895588264416	95.46651805003455	834.5651191740435	680.889913928826	318.227434861796	0.9956845389572839	0.7993754347920871
XV	780121	780277	59458.065104166664	66082.04058159722	50939.4046474359	46520.12271509415	38476.24178685898	15819.05365668403	1725.0453347426194	12855.875926482371	2287.27787898137	1292.627942207532	4.249500760665307	4.276329904030531
XV	867150	867586	2826.658337514335	7599.265625	3472.3250967603212	6343.994850200688	2189.2336045011466	5825.844472715979	357.00765927579624	2988.477187410407	1162.7420195133313	390.4443738744893	3.9996818227505466	4.6890364611914395
XV	900768	901193	2204.3449172794117	2685.5746526501225	2470.2893451286764	3191.8310473345587	809.7121357996324	1267.9249766390933	145.0030932486631	454.30036563648895	676.0736171587776	362.7937755629596	0.8600113574196311	0.4950473591860603
XV	912086	912432	710.2091290247922	1585.2336985564186	803.9873013946592	924.2448225252891	236.78747532133423	219.19392862485324	2.8336544202242284	101.45698917807871	84.60697890706145	25.924913252020158	0.1456831669962475	0.1665759039019918
XV	980719	980751	13691.574951171875	17999.972045898438	16265.262451171875	32018.296813964844	17870.69366455078	18156.927978515625	2532.8150024414062	5232.714813232422	541.6616849899292	175.93512344360352	0.3964512562379241	0.19569100439548492
XVI	5841	5988	0.0	0.0	0.0	0.0	0.0	0.0	0.0	0.0	0.0	0.07620571421928146	0.0	0.0
XVI	56205	56238	7042.161487926136	5780.399976325758	11304.400065104166	17996.324159564392	10484.087920217804	9571.563269412878	747.3324053215258	1606.7278867779355	246.6853815714518	150.91488820856267	0.5040403631600466	0.4710129472342404
XVI	75986	76223	3655.4724461036394	7442.147003560127	3276.731897195851	5715.327518459916	1657.9061552281119	1324.9511804594101	32.72393736054626	1430.4851800459849	716.7198965338212	309.026761726991	0.7648737440632365	0.6989834368983402
XVI	96154	96233	1021.8555317166486	2534.4497116668313	880.8873422357101	1764.1545193829113	600.2819364523585	453.6757455173927	38.345846719379665	118.0636841979208	138.54015813899946	50.364505381523806	0.20963770113413846	0.0975466830820977
XVI	138726	138864	9297.412760416666	9049.811877264492	11768.451464371981	6691.27927918365	7195.06103161798	2727.3527584352355	183.90174948650858	2741.723010076993	153.66744729746944	61.49055503071218	1.0189307427060776	0.5877363547898721
XVI	173163	173571	8488.784055223652	8229.018561868106	6501.488049874898	5093.19811963848	2969.9609554515164	1360.6150590485217	154.60664756625306	954.5008951822916	585.3211861404718	262.31469337612975	0.8018198566986066	0.39873309842511717
XVI	173666	174072	2799.265671302532	4453.694305470032	3026.8445894588976	3075.1495569388853	1268.1329039024015	1459.828768023912	330.08194946890393	814.2644979542699	428.4366235592095	189.9359506691618	1.0882235618647684	0.7903162443579124
XVI	218647	218746	891.704336455374	1873.1175672743057	741.8606211858166	1069.2555221403488	465.570100418245	326.70476781157936	53.072546486902716	31.062722138684205	120.8487917196871	54.282566494411896	0.3273945959529491	0.2887441196826973
XVI	281374	281503	27651.383978318798	38876.64983042636	19560.66311369509	23627.84868958939	11712.040659823158	10954.407738816213	623.618299439896	10930.542090600775	1153.1134487418242	572.2385684464329	2.31408821150314	2.5547662280326664
XVI	282141	282665	1826.8302039226503	2994.6649797357068	1544.6993793361362	2199.053445504458	1039.0271786988237	1449.4212199203841	426.2487351618072	3131.919081360329	756.2663932975012	374.90266243738074	0.8802439571564434	1.4472741461892165
XVI	305307	305411	1484.0479771540715	2533.3095953525635	2165.277362530048	1274.5557250976562	871.0176852299617	795.5699024689503	56.44329096720769	355.1570616502028	319.97317270132214	133.33434317662164	0.19587469158264306	0.1859463951908625
XVI	345445	345596	328.20027857900453	514.0465160647765	215.0621959021023	85.31139318200925	409.2911817538028	147.7832475876966	6.326522043998668	144.7379534386641	61.93212451050613	13.83456122796267	0.04109886777124658	0.06469406878316639
XVI	377996	378389	2901.8693965688612	5152.999689388518	2596.247322114875	3961.7003786975197	1097.9784795940682	2052.67529918098	34.70162412531807	1034.8969302577827	369.18012654933005	217.8163772078264	2.239556251288067	0.3250023117502227
XVI	404957	405457	11311.49121875	13440.200565104167	9161.689670898437	8673.401328125	6005.1595546875	3409.353214192708	317.8190699573864	2075.0414133300783	690.5331407470703	354.40415606689453	0.743904586315155	0.5001345834732056
XVI	406647	407067	1497.9008309500557	2787.121779668899	1243.4682663690476	2075.5442525772824	822.2691975911458	955.8445924789186	75.63822177375033	328.40936482747395	584.742544555664	250.74187999906994	1.1647384828045255	0.74673452320553
XVI	412262	413012	1441.3626212565105	2051.029439561632	1544.4059491102432	1604.4466773437498	1127.0464899088543	694.220940185547	18.792139167554453	272.11810361735024	442.9731319173177	228.33987252807617	0.9640036221345266	0.8694412512779236
XVI	492919	493020	247.18666046444733	1189.7333871570752	768.9392613577764	528.6629094794245	545.951967447111	889.3824966481025	0.0	162.61035375311823	74.67793545864596	32.61048137551487	0.1987270429582879	0.2450630015665942
XVI	560234	560252	20358.84450954861	25295.716796875	22836.294379340277	37048.71657986111	27518.816514756945	21292.705729166668	1435.0550198025173	4196.027208116319	221.64200337727866	115.57866668701172	0.2127456689874331	0.16773500045140585
XVI	582559	582701	508.6170692981129	578.3379639818075	993.4421776426791	344.46658088791537	957.249570174956	833.3293434107247	22.395489249430913	609.1832339864382	80.37674111379704	24.54362651663767	0.2550666181134506	0.2655432043780743
XVI	622576	622594	6987.913357204861	4858.119439019098	5516.959418402777	8598.372178819445	6592.588351779514	6561.567111545139	548.1836853027344	709.6640014648438	13.094799995422363	6.401279926300049	0.0	0.0
XVI	623578	623710	5288.511640144117	15647.391253847065	9383.50439823035	7416.2008574514675	3459.0504853219695	2879.237942165799	144.8385038881591	1379.5175744258995	212.90442495635062	95.28266952977036	0.6851907462784739	0.879197951519128
XVI	654168	654570	2927.4622663051928	7370.936980138371	2660.279188570494	4066.24338852612	1702.846042614078	1182.6327857781405	383.8617732868858	1565.2251158756997	763.9276967214707	377.20880749450987	2.8215626561226537	1.7491628930936405
XVI	678194	678279	1095.0754732019761	2886.9647030101105	2219.5845861098346	2658.7654914407167	789.6320470473346	604.8624712775735	36.674240527433504	284.26319992963005	129.0738311767578	80.176026467716	0.6688193265129538	0.6845264729331522
XVI	729386	729481	263.57031667608965	448.81602718955594	548.2686912135074	366.5127276771947	540.2745608681126	211.63779971474096	0.0	52.64671422054893	61.80698362651624	32.33594593248869	0.1645929085580926	0.3170500811777617
XVI	769243	769265	10159.986283735796	7598.77001953125	14341.47265625	24457.122780539772	13034.172674005682	11774.622691761364	653.6300048828125	3918.513682972301	253.36490700461647	90.49084750088778	0.09183783558281985	0.0
XVI	795030	795394	1715.1973219651443	2660.2654859382155	1707.876489883814	2601.890985576923	1063.7543281303658	1069.1908592810998	284.8659306391851	1343.7192892556661	651.048820914803	378.4372082385388	3.2698751386705336	2.863538071349427
XVI	833694	833827	265.849582299254	1779.8325868381894	579.9763605791824	842.2358857348449	179.07656068730176	244.27166457403274	26.36822785829243	28.656191718309447	140.9681993068609	86.06604210416177	0.6644946471192783	0.5089781427741947
XVI	883388	883486	803.9144044214365	800.1794715933248	1555.5251315369899	591.5200335444237	507.8921798394651	1054.4820498511906	7.054479803357806	63.10420343827228	127.73997956879285	74.18932980907206	1.2080672614428463	0.8937654592552964
XVI	911277	911352	4439.351344401041	3722.995071614583	3885.298828125	2493.008260091146	3824.5403678385414	750.6947770182292	25.13960075378418	126.61310282389323	285.3980704752604	168.3536220296224	0.7628699938456217	0.563612357378006
XVI	943051	943198	1171.046406648597	1816.5474950396824	927.0538072650935	1376.721408350938	660.7520502830039	525.396472749256	55.75182970527078	263.34743266202963	103.82703737012383	47.380899130892594	0.22004082677315692	0.156128275049787
